"year","sex","age","deaths"
2010,"male",0,79.1546487249046
2010,"male",1,13.2185131014075
2010,"male",5,7.79223560679551
2010,"male",10,5.76081436731631
2010,"male",15,32.5392573881136
2010,"male",20,45.4150257603952
2010,"male",25,54.5708108090634
2010,"male",30,63.7218337425102
2010,"male",35,84.0507906603443
2010,"male",40,87.4363400003503
2010,"male",45,95.2476471422758
2010,"male",50,109.801480272885
2010,"male",55,121.339696359689
2010,"male",60,150.130912650847
2010,"male",65,166.747475821905
2010,"male",70,169.116753711947
2010,"male",75,177.923944394685
2010,"male",80,158.950054533876
2010,"male",85,295.540944395364
2019,"male",0,56.0886417556346
2019,"male",1,12.5199281809274
2019,"male",5,7.51184047655888
2019,"male",10,8.51345801743254
2019,"male",15,57.0920057764712
2019,"male",20,123.699863324565
2019,"male",25,155.248972355459
2019,"male",30,150.741208288204
2019,"male",35,151.74010908247
2019,"male",40,150.744119088142
2019,"male",45,159.255830625612
2019,"male",50,164.765600340399
2019,"male",55,186.804679199547
2019,"male",60,228.870675382949
2019,"male",65,197.818785135902
2019,"male",70,221.35650626644
2019,"male",75,222.862910670999
2019,"male",80,198.818656196813
2019,"male",85,335.046209835474
2010,"female",0,65.9760240506773
2010,"female",1,13.3654140753325
2010,"female",5,6.34869140955337
2010,"female",10,6.01140852412923
2010,"female",15,11.0269077526302
2010,"female",20,13.6991757618824
2010,"female",25,19.7113331907648
2010,"female",30,26.0549075546596
2010,"female",35,21.0453900105841
2010,"female",40,30.7373136608214
2010,"female",45,43.0952295240513
2010,"female",50,50.4513034116936
2010,"female",55,72.4965964064348
2010,"female",60,87.188177961807
2010,"female",65,114.257688770124
2010,"female",70,130.957741788679
2010,"female",75,154.337840507993
2010,"female",80,148.666193051575
2010,"female",85,347.446816475267
2019,"female",0,34.5381165919283
2019,"female",1,12.5190582959642
2019,"female",5,7.50896860986547
2019,"female",10,5.50560538116592
2019,"female",15,14.0156950672646
2019,"female",20,28.0369955156951
2019,"female",25,32.5403587443946
2019,"female",30,32.5336322869955
2019,"female",35,34.0347533632287
2019,"female",40,51.5493273542601
2019,"female",45,69.0829596412556
2019,"female",50,72.5896860986547
2019,"female",55,104.103139013453
2019,"female",60,142.649103139014
2019,"female",65,148.677130044843
2019,"female",70,162.17264573991
2019,"female",75,195.720852017937
2019,"female",80,191.229820627802
2019,"female",85,427.492152466367
